Temperature (K)	Pressure (MPa)	"Density (l, mol/m3)"	"Volume (l, m3/mol)"	"Internal Energy (l, kJ/mol)"	"Enthalpy (l, kJ/mol)"	"Entropy (l, J/mol*K)"	"Cv (l, J/mol*K)"	"Cp (l, J/mol*K)"	"Density (v, mol/m3)"	"Volume (v, m3/mol)"	"Internal Energy (v, kJ/mol)"	"Enthalpy (v, kJ/mol)"	"Entropy (v, J/mol*K)"	"Cv (v, J/mol*K)"	"Cp (v, J/mol*K)"
274	0.000650016	55499.77135	1.80E-05	0.063837584	0.063849296	0.23334178	75.94462571	75.97192141	0.285498856	3.502641009	42.80564645	45.08241769	164.5346863	25.56508582	33.96212705
275	0.000698451	55502.22213	1.80E-05	0.139780887	0.139793471	0.510002633	75.90295117	75.91537403	0.305665682	3.271548158	42.83043797	45.1154546	164.0578613	25.58010486	33.98017836
276	0.000750056	55503.7235	1.80E-05	0.215669717	0.21568323	0.785461538	75.85945661	75.86292772	0.327069749	3.057451819	42.85522003	45.14847916	163.5854468	25.59523719	33.99840888
277	0.000805006	55504.3062	1.80E-05	0.291508018	0.291522521	1.05974146	75.81422045	75.81427707	0.349774668	2.85898349	42.87999237	45.18149105	163.1173896	25.61047642	34.01681292
278	0.000863487	55503.99917	1.80E-05	0.367299445	0.367315002	1.332864064	75.76731559	75.76914529	0.373846617	2.674893804	42.90475472	45.21448989	162.653637	25.62581653	34.03538521
279	0.000925691	55502.8297	1.80E-05	0.443047389	0.443064067	1.604849838	75.71880981	75.72728082	0.399354417	2.504041419	42.92950683	45.24747531	162.1941374	25.64125184	34.05412093
280	0.00099182	55500.82353	1.80E-05	0.518754999	0.51877287	1.875718187	75.66876605	75.68845445	0.426369594	2.345383007	42.95424842	45.28044694	161.7388399	25.65677709	34.07301574
281	0.001062085	55498.00503	1.80E-05	0.594425208	0.594444346	2.145487531	75.61724279	75.65245672	0.454966457	2.197964232	42.97897919	45.31340439	161.2876941	25.67238744	34.09206578
282	0.001136705	55494.39723	1.80E-05	0.670060747	0.67008123	2.414175378	75.56429436	75.61909581	0.485222167	2.060911614	43.00369887	45.34634727	160.8406507	25.68807851	34.11126774
283	0.001215908	55490.02197	1.80E-05	0.745664161	0.745686073	2.6817984	75.50997128	75.5881956	0.517216809	1.933425177	43.02840715	45.37927515	160.3976608	25.70384636	34.13061887
284	0.001299934	55484.89995	1.80E-05	0.821237829	0.821261257	2.948372498	75.45432055	75.55959406	0.551033463	1.81477182	43.05310372	45.41218762	159.9586766	25.71968756	34.15011698
285	0.00138903	55479.05083	1.80E-05	0.896783973	0.89680901	3.213912857	75.39738594	75.53314181	0.58675828	1.704279316	43.07778827	45.44508424	159.5236505	25.73559916	34.16976045
286	0.001483456	55472.49329	1.80E-05	0.972304671	0.972331413	3.478433999	75.33920827	75.50870087	0.624480554	1.601330888	43.10246047	45.47796459	159.092536	25.75157873	34.18954829
287	0.00158348	55465.2451	1.80E-05	1.04780187	1.047830419	3.741949831	75.27982571	75.4861436	0.664292794	1.5053603	43.12712001	45.5108282	158.665287	25.76762434	34.20948011
288	0.001689383	55457.32317	1.80E-05	1.123277393	1.123307856	4.004473688	75.21927394	75.46535169	0.706290802	1.415847407	43.15176653	45.54367461	158.2418582	25.78373462	34.22955614
289	0.001801455	55448.74365	1.80E-05	1.198732948	1.198765436	4.26601837	75.15758649	75.44621537	0.75057374	1.332314131	43.17639968	45.57650334	157.8222049	25.7999087	34.24977723
290	0.001919999	55439.52189	1.80E-05	1.274170138	1.27420477	4.526596179	75.09479486	75.42863264	0.797244213	1.254320802	43.20101912	45.60931391	157.4062829	25.81614625	34.27014485
291	0.00204533	55429.67259	1.80E-05	1.349590467	1.349627367	4.78621895	75.03092875	75.41250865	0.846408335	1.181462845	43.22562446	45.64210581	156.9940487	25.83244747	34.29066113
292	0.002177774	55419.20977	1.80E-05	1.42499535	1.425034646	5.044898085	74.96601627	75.39775505	0.898175811	1.11336777	43.25021535	45.67487855	156.5854594	25.8488131	34.31132879
293	0.00231767	55408.14684	1.80E-05	1.500386112	1.500427941	5.302644574	74.90008407	75.38428955	0.952660006	1.049692434	43.2747914	45.70763158	156.1804727	25.86524438	34.33215119
294	0.002465369	55396.49662	1.81E-05	1.575764003	1.575808507	5.559469025	74.83315753	75.3720354	1.009978021	0.990120556	43.29935221	45.74036439	155.7790469	25.88174309	34.35313229
295	0.002621236	55384.2714	1.81E-05	1.651130196	1.651177524	5.815381686	74.76526086	75.360921	1.070250771	0.934360458	43.32389738	45.77307642	155.3811407	25.89831151	34.37427667
296	0.002785649	55371.48293	1.81E-05	1.726485796	1.726536104	6.070392466	74.69641727	75.35087953	1.133603054	0.882143001	43.3484265	45.80576712	154.9867135	25.91495241	34.39558949
297	0.002959	55358.14251	1.81E-05	1.801831842	1.801885294	6.324510957	74.62664905	75.34184859	1.200163631	0.833219716	43.37293916	45.83843591	154.5957252	25.93166907	34.41707649
298	0.003141694	55344.26094	1.81E-05	1.877169314	1.87722608	6.577746449	74.55597771	75.33376994	1.270065296	0.787361093	43.39743492	45.87108222	154.2081362	25.9484652	34.43874398
299	0.003334151	55329.84862	1.81E-05	1.952499135	1.952559394	6.830107953	74.48442407	75.32658916	1.343444953	0.744355024	43.42191335	45.90370545	153.8239075	25.96534501	34.46059882
300	0.003536807	55314.91552	1.81E-05	2.027822176	2.027886115	7.081604211	74.4120083	75.32025546	1.420443686	0.704005382	43.446374	45.93630499	153.4430005	25.98231314	34.48264839
301	0.003750111	55299.47123	1.81E-05	2.103139257	2.103207072	7.332243715	74.33875006	75.31472139	1.50120684	0.666130725	43.47081642	45.96888022	153.0653771	25.99937463	34.50490061
302	0.003974527	55283.52496	1.81E-05	2.178451155	2.178523048	7.58203472	74.26466855	75.30994269	1.585884086	0.630563109	43.49524014	46.00143053	152.6909999	26.01653496	34.52736387
303	0.004210539	55267.08557	1.81E-05	2.253758601	2.253834786	7.830985259	74.18978253	75.30587805	1.674629501	0.59714701	43.51964469	46.03395526	152.3198317	26.03379998	34.55004703
304	0.004458641	55250.16161	1.81E-05	2.329062288	2.329142987	8.079103151	74.11411044	75.30248894	1.767601637	0.565738331	43.54402959	46.06645376	151.9518359	26.05117592	34.57295941
305	0.004719348	55232.76128	1.81E-05	2.404362871	2.404448316	8.326396017	74.0376704	75.29973946	1.864963594	0.536203497	43.56839435	46.09892536	151.5869765	26.06866932	34.59611077
306	0.00499319	55214.89251	1.81E-05	2.479660971	2.479751403	8.572871291	73.96048026	75.29759615	1.966883092	0.508418626	43.59273848	46.13136939	151.2252177	26.08628711	34.61951127
307	0.005280714	55196.56292	1.81E-05	2.554957175	2.555052846	8.818536225	73.88255764	75.29602791	2.073532544	0.482268775	43.61706146	46.16378517	150.8665242	26.10403647	34.64317144
308	0.005582486	55177.77988	1.81E-05	2.630252042	2.630353214	9.063397905	73.80391997	75.29500578	2.185089125	0.457647237	43.64136277	46.19617198	150.5108614	26.12192489	34.66710219
309	0.005899087	55158.55048	1.81E-05	2.7055461	2.705653048	9.307463256	73.7245845	75.29450289	2.301734843	0.434454908	43.6656419	46.22852913	150.1581949	26.13996014	34.69131477
310	0.006231118	55138.88157	1.81E-05	2.780839854	2.780952862	9.550739052	73.64456834	75.29449431	2.423656612	0.412599704	43.68989832	46.26085588	149.8084907	26.15815021	34.71582075
311	0.006579199	55118.77977	1.81E-05	2.856133784	2.856253148	9.793231925	73.56388847	75.29495693	2.551046315	0.391996019	43.71413147	46.29315149	149.4617154	26.17650332	34.74063199
312	0.006943969	55098.25146	1.81E-05	2.931428346	2.931554375	10.03494837	73.48256173	75.29586939	2.684100881	0.372564238	43.73834082	46.32541524	149.1178357	26.19502791	34.76576062
313	0.007326083	55077.30282	1.82E-05	3.006723978	3.006856993	10.27589475	73.40060489	75.29721194	2.823022344	0.354230282	43.76252581	46.35764635	148.7768192	26.21373259	34.79121903
314	0.00772622	55055.93982	1.82E-05	3.082021096	3.08216143	10.51607732	73.31803461	75.29896638	2.96801792	0.33692519	43.78668587	46.38984406	148.4386335	26.23262615	34.81701986
315	0.008145076	55034.16823	1.82E-05	3.157320101	3.157468101	10.7555022	73.23486745	75.30111599	3.119300066	0.32058474	43.81082042	46.42200759	148.1032466	26.25171751	34.84317595
316	0.008583369	55011.99362	1.82E-05	3.232621376	3.232777403	10.99417541	73.15111991	75.30364538	3.277086551	0.305149096	43.8349289	46.45413615	147.7706271	26.27101575	34.86970032
317	0.009041836	54989.4214	1.82E-05	3.30792529	3.308089719	11.23210287	73.0668084	75.30654048	3.441600521	0.290562485	43.8590107	46.48622894	147.440744	26.29053002	34.8966062
318	0.009521236	54966.4568	1.82E-05	3.383232198	3.383405417	11.4692904	72.98194927	75.30978845	3.613070561	0.276772895	43.88306524	46.51828515	147.1135663	26.31026962	34.92390697
319	0.010022348	54943.10486	1.82E-05	3.458542443	3.458724856	11.70574372	72.89655878	75.31337758	3.791730762	0.263731806	43.90709191	46.55030395	146.7890637	26.3302439	34.95161614
320	0.010545976	54919.3705	1.82E-05	3.533856355	3.534048382	11.94146846	72.8106531	75.31729728	3.977820782	0.25139393	43.93109009	46.5822845	146.4672063	26.35046228	34.97974737
321	0.011092943	54895.25847	1.82E-05	3.609174257	3.609376332	12.17647017	72.72424835	75.32153796	4.171585911	0.239716986	43.95505917	46.61422598	146.1479644	26.37093427	35.00831444
322	0.011664094	54870.77335	1.82E-05	3.68449646	3.684709034	12.41075432	72.63736056	75.32609101	4.373277129	0.228661475	43.97899853	46.64612751	145.8313086	26.39166937	35.03733122
323	0.012260299	54845.91962	1.82E-05	3.759823267	3.760046808	12.6443263	72.55000565	75.33094872	4.583151172	0.21819049	44.00290752	46.67798824	145.51721	26.41267716	35.06681169
324	0.01288245	54820.70158	1.82E-05	3.835154974	3.835389966	12.87719144	72.46219949	75.33610425	4.801470586	0.208269525	44.0267855	46.70980729	145.20564	26.43396723	35.09676991
325	0.013531462	54795.12345	1.82E-05	3.910491871	3.910738817	13.10935497	72.37395783	75.34155158	5.028503792	0.198866311	44.05063183	46.74158377	144.8965702	26.45554917	35.12722
326	0.014208274	54769.18927	1.83E-05	3.985834241	3.986093662	13.34082209	72.28529633	75.34728542	5.264525142	0.189950655	44.07444585	46.77331678	144.5899728	26.47743259	35.15817618
327	0.014913849	54742.903	1.83E-05	4.061182362	4.061454796	13.57159792	72.19623054	75.35330121	5.509814973	0.181494298	44.0982269	46.80500542	144.28582	26.49962711	35.1896527
328	0.015649174	54716.26847	1.83E-05	4.136536508	4.136822514	13.8016875	72.10677591	75.35959508	5.764659671	0.173470778	44.1219743	46.83664878	143.9840846	26.52214231	35.22166388
329	0.016415263	54689.28938	1.83E-05	4.21189695	4.212197105	14.03109585	72.01694775	75.36616377	6.029351721	0.16585531	44.14568738	46.86824591	143.6847396	26.5449878	35.25422411
330	0.017213152	54661.96935	1.83E-05	4.287263953	4.287578855	14.25982791	71.92676129	75.37300461	6.304189765	0.158624667	44.16936544	46.89979589	143.3877583	26.56817315	35.2873478
331	0.018043903	54634.31187	1.83E-05	4.362637783	4.36296805	14.48788857	71.83623159	75.38011551	6.589478655	0.151757074	44.19300781	46.93129776	143.0931143	26.59170791	35.32104943
332	0.018908606	54606.32035	1.83E-05	4.438018701	4.438364972	14.71528268	71.7453736	75.38749488	6.885529508	0.145232113	44.21661377	46.96275057	142.8007815	26.61560163	35.35534351
333	0.019808374	54577.99809	1.83E-05	4.513406967	4.513769904	14.94201503	71.65420212	75.39514163	7.192659756	0.139030628	44.24018261	46.99415335	142.5107341	26.63986381	35.39024461
334	0.020744349	54549.34829	1.83E-05	4.588802842	4.589183128	15.16809036	71.56273182	75.40305512	7.511193198	0.13313464	44.26371363	47.02550511	142.2229466	26.66450396	35.42576734
335	0.021717698	54520.37408	1.83E-05	4.664206583	4.664604924	15.39351339	71.4709772	75.41123515	7.841460056	0.127527271	44.2872061	47.05680487	141.9373938	26.68953154	35.46192637
336	0.022729615	54491.07848	1.84E-05	4.73961845	4.740035575	15.61828877	71.37895262	75.41968191	8.183797017	0.122192669	44.3106593	47.08805162	141.6540508	26.71495601	35.49873642
337	0.023781322	54461.46443	1.84E-05	4.8150387	4.815475363	15.84242111	71.28667228	75.42839595	8.538547289	0.117115941	44.33407247	47.11924437	141.3728929	26.74078681	35.53621226
338	0.024874068	54431.53479	1.84E-05	4.890467592	4.890924571	16.06591501	71.19415018	75.43737821	8.906060647	0.112283089	44.35744489	47.15038208	141.0938958	26.76703334	35.57436872
339	0.02600913	54401.29234	1.84E-05	4.965905386	4.966383483	16.288775	71.1014002	75.44662992	9.28669348	0.107680953	44.3807758	47.18146372	140.8170353	26.79370503	35.61322071
340	0.027187814	54370.73978	1.84E-05	5.041352342	5.041852387	16.51100559	71.00843602	75.45615261	9.680808837	0.103297154	44.40406443	47.21248826	140.5422876	26.82081124	35.65278319
341	0.028411454	54339.87974	1.84E-05	5.116808723	5.11733157	16.73261123	70.91527113	75.46594811	10.08877648	0.099120047	44.42731003	47.24345465	140.2696291	26.84836139	35.6930712
342	0.029681411	54308.71477	1.84E-05	5.192274792	5.192821323	16.95359638	70.82191885	75.47601851	10.51097292	0.095138672	44.45051181	47.27436181	139.9990364	26.87636484	35.73409989
343	0.030999078	54277.24735	1.84E-05	5.267750814	5.268321939	17.17396542	70.72839231	75.48636613	10.94778147	0.091342707	44.47366901	47.30520869	139.7304866	26.90483099	35.77588446
344	0.032365875	54245.4799	1.84E-05	5.343237058	5.343833713	17.39372273	70.63470446	75.49699352	11.39959227	0.087722436	44.49678082	47.33599419	139.4639567	26.93376922	35.81844023
345	0.033783253	54213.41475	1.84E-05	5.418733792	5.419356945	17.61287265	70.54086804	75.50790344	11.86680238	0.084268699	44.51984645	47.36671722	139.1994242	26.96318895	35.8617826
346	0.035252692	54181.0542	1.85E-05	5.494241289	5.494891935	17.83141947	70.44689561	75.51909884	12.34981576	0.080972868	44.5428651	47.39737669	138.9368667	26.99309957	35.90592711
347	0.036775703	54148.40045	1.85E-05	5.569759824	5.570438989	18.04936748	70.35279951	75.53058285	12.84904334	0.077826806	44.56583596	47.42797148	138.6762623	27.02351053	35.95088938
348	0.038353827	54115.45567	1.85E-05	5.645289675	5.645998416	18.26672093	70.2585919	75.54235877	13.36490308	0.07482284	44.58875821	47.45850046	138.4175889	27.05443129	35.99668517
349	0.039988635	54082.22195	1.85E-05	5.720831122	5.721570527	18.48348403	70.16428472	75.55443002	13.89781998	0.071953731	44.61163102	47.48896251	138.1608249	27.08587134	36.04333037
350	0.04168173	54048.70132	1.85E-05	5.79638445	5.797155638	18.69966098	70.06988972	75.5668002	14.44822614	0.069212649	44.63445355	47.51935647	137.9059491	27.11784019	36.09084099
351	0.043434745	54014.89577	1.85E-05	5.871949944	5.872754069	18.91525595	69.97541844	75.57947302	15.0165608	0.066593144	44.65722497	47.54968119	137.6529401	27.1503474	36.13923319
352	0.045249345	53980.80723	1.85E-05	5.947527895	5.948366144	19.13027307	69.8808822	75.59245229	15.60327035	0.064089129	44.67994443	47.57993551	137.401777	27.18340256	36.18852327
353	0.047127227	53946.43756	1.85E-05	6.023118598	6.023992191	19.34471646	69.78629213	75.60574195	16.20880842	0.06169485	44.70261106	47.61011826	137.152439	27.21701531	36.23872767
354	0.04907012	53911.78859	1.85E-05	6.098722348	6.099632541	19.55859021	69.69165913	75.61934602	16.83363587	0.059404873	44.72522401	47.64022825	136.9049058	27.25119533	36.28986301
355	0.051079784	53876.86208	1.86E-05	6.174339448	6.175287532	19.77189838	69.59699391	75.63326862	17.47822086	0.057214061	44.7477824	47.67026427	136.6591568	27.28595236	36.34194604
356	0.053158012	53841.65975	1.86E-05	6.2499702	6.250957503	19.98464503	69.50230696	75.64751395	18.14303888	0.055117558	44.77028535	47.70022514	136.4151721	27.32129616	36.39499369
357	0.055306629	53806.18328	1.86E-05	6.325614914	6.3266428	20.19683415	69.40760857	75.66208627	18.82857278	0.05311077	44.79273197	47.73010962	136.1729317	27.35723656	36.44902302
358	0.057527494	53770.43427	1.86E-05	6.401273901	6.402343774	20.40846976	69.3129088	75.67698992	19.53531279	0.051189352	44.81512137	47.75991651	135.9324159	27.39378345	36.50405129
359	0.059822498	53734.41431	1.86E-05	6.476947478	6.478060777	20.61955583	69.21821752	75.6922293	20.26375662	0.049349191	44.83745265	47.78964455	135.6936053	27.43094675	36.56009591
360	0.062193565	53698.12493	1.86E-05	6.552635962	6.55379417	20.83009629	69.12354437	75.70780885	21.01440942	0.047586396	44.85972489	47.8192925	135.4564806	27.46873643	36.61717445
361	0.064642654	53661.56761	1.86E-05	6.62833968	6.629544316	21.04009509	69.02889881	75.72373307	21.78778387	0.045897279	44.88193718	47.84885912	135.2210225	27.50716253	36.67530465
362	0.067171755	53624.74379	1.86E-05	6.704058956	6.705311582	21.24955613	68.93429008	75.74000649	22.58440018	0.044278351	44.9040886	47.87834313	134.9872123	27.5462351	36.7345044
363	0.069782893	53587.65487	1.87E-05	6.779794124	6.781096344	21.45848329	68.83972719	75.7566337	23.40478618	0.042726304	44.9261782	47.90774325	134.7550312	27.58596427	36.79479178
364	0.072478127	53550.30221	1.87E-05	6.855545518	6.856898977	21.66688044	68.74521898	75.77361931	24.24947727	0.041238002	44.94820505	47.93705821	134.5244607	27.62636018	36.85618498
365	0.07525955	53512.68712	1.87E-05	6.931313479	6.932719866	21.87475142	68.65077407	75.79096796	25.11901655	0.039810476	44.9701682	47.9662867	134.2954825	27.66743301	36.91870238
366	0.07812929	53474.81088	1.87E-05	7.007098348	7.008559397	22.08210006	68.55640087	75.80868432	26.01395478	0.038440906	44.9920667	47.99542743	134.0680783	27.70919298	36.98236248
367	0.081089509	53436.67473	1.87E-05	7.082900475	7.084417963	22.28893016	68.46210762	75.82677309	26.93485047	0.037126622	45.01389958	48.02447908	133.8422302	27.75165033	37.04718395
368	0.084142402	53398.27986	1.87E-05	7.15872021	7.160295961	22.49524551	68.36790231	75.84523899	27.88226989	0.035865086	45.03566588	48.05344033	133.6179204	27.79481529	37.11318555
369	0.0872902	53359.62744	1.87E-05	7.234557909	7.236193794	22.70104986	68.27379278	75.86408675	28.8567871	0.034653893	45.05736462	48.08230984	133.3951313	27.83869814	37.1803862
370	0.090535171	53320.71858	1.88E-05	7.310413932	7.312111868	22.90634697	68.17978666	75.88332112	29.85898401	0.033490758	45.07899481	48.11108628	133.1738454	27.88330912	37.24880492
371	0.093879614	53281.55437	1.88E-05	7.386288642	7.388050596	23.11114055	68.08589136	75.90294688	30.88945041	0.032373512	45.10055548	48.1397683	132.9540454	27.92865849	37.31846084
372	0.097325866	53242.13587	1.88E-05	7.462182408	7.464010394	23.31543432	67.99211415	75.9229688	31.94878398	0.031300096	45.12204561	48.16835453	132.7357143	27.97475647	37.38937318
373	0.100876298	53202.46408	1.88E-05	7.5380956	7.539991684	23.51923196	67.89846207	75.94339169	33.03759036	0.030268551	45.14346421	48.19684362	132.518835	28.02161327	37.46156125
374	0.104533318	53162.54	1.88E-05	7.614028596	7.615994892	23.72253715	67.80494198	75.96422034	34.15648317	0.029277019	45.16481028	48.22523418	132.3033909	28.06923904	37.53504443
375	0.108299367	53122.36456	1.88E-05	7.689981774	7.692020451	23.92535352	67.71156058	75.98545958	35.30608408	0.02832373	45.18608278	48.25352483	132.0893652	28.11764389	37.60984215
376	0.112176924	53081.93869	1.88E-05	7.765955519	7.768068797	24.12768472	67.61832436	76.00711424	36.48702279	0.027407005	45.20728071	48.28171419	131.8767416	28.16683786	37.6859739
377	0.116168504	53041.26325	1.89E-05	7.841950218	7.844140371	24.32953436	67.52523963	76.02918914	37.69993711	0.026525243	45.22840303	48.30980085	131.6655038	28.21683093	37.76345919
378	0.120276655	53000.3391	1.89E-05	7.917966264	7.92023562	24.53090603	67.43231256	76.05168913	38.94547301	0.025676925	45.24944871	48.3377834	131.4556356	28.26763296	37.84231756
379	0.124503965	52959.16706	1.89E-05	7.994004052	7.996354995	24.73180332	67.33954911	76.07461908	40.22428462	0.024860604	45.27041671	48.36566044	131.2471211	28.31925374	37.92256853
380	0.128853054	52917.74791	1.89E-05	8.070063983	8.072498952	24.93222978	67.24695508	76.09798384	41.53703429	0.024074901	45.29130598	48.39343053	131.0399445	28.37170291	38.00423163
381	0.133326581	52876.0824	1.89E-05	8.146146461	8.148667952	25.13218896	67.15453609	76.12178828	42.88439265	0.023318507	45.31211549	48.42109226	130.83409	28.42499001	38.08732634
382	0.13792724	52834.17125	1.89E-05	8.222251893	8.224862462	25.33168439	67.06229763	76.14603729	44.26703862	0.022590172	45.33284416	48.44864419	130.6295423	28.4791244	38.1718721
383	0.142657763	52792.01516	1.89E-05	8.298380691	8.301082951	25.53071957	66.97024498	76.17073576	45.68565949	0.021888707	45.35349094	48.47608487	130.4262859	28.53411533	38.2578883
384	0.147520917	52749.6148	1.90E-05	8.374533271	8.377329897	25.72929799	66.87838329	76.1958886	47.1409509	0.021212979	45.37405476	48.50341286	130.2243057	28.58997181	38.34539424
385	0.152519504	52706.97078	1.90E-05	8.450710053	8.453603779	25.92742315	66.78671755	76.22150073	48.63361696	0.020561909	45.39453455	48.5306267	130.0235866	28.64670272	38.43440912
386	0.157656367	52664.08373	1.90E-05	8.526911461	8.529905083	26.12509848	66.69525258	76.24757706	50.16437025	0.019934467	45.41492924	48.55772493	129.8241136	28.70431669	38.52495203
387	0.162934381	52620.95421	1.90E-05	8.603137922	8.606234301	26.32232744	66.60399307	76.27412254	51.73393189	0.019329673	45.43523775	48.58470609	129.6258721	28.76282216	38.61704193
388	0.16835646	52577.58277	1.90E-05	8.679389869	8.682591926	26.51911345	66.51294354	76.30114214	53.34303154	0.018746591	45.45545899	48.6115687	129.4288474	28.82222731	38.71069764
389	0.173925555	52533.96994	1.90E-05	8.755667735	8.758978461	26.71545993	66.42210838	76.32864082	54.99240751	0.018184328	45.47559187	48.63831128	129.233025	28.8825401	38.80593782
390	0.179644653	52490.11619	1.91E-05	8.831971962	8.835394409	26.91137026	66.33149182	76.35662357	56.68280678	0.017642034	45.49563531	48.66493237	129.0383907	28.94376819	38.90278093
391	0.185516777	52446.022	1.91E-05	8.908302991	8.911840281	27.10684782	66.24109797	76.38509541	58.41498504	0.017118895	45.51558821	48.69143045	128.8449301	29.00591899	39.00124526
392	0.19154499	52401.68781	1.91E-05	8.984661272	8.988316593	27.30189599	66.15093078	76.41406137	60.18970677	0.016614136	45.53544946	48.71780405	128.6526293	29.0689996	39.10134888
393	0.197732388	52357.11401	1.91E-05	9.061047253	9.064823863	27.4965181	66.0609941	76.44352648	62.00774526	0.016127018	45.55521797	48.74405167	128.4614744	29.13301683	39.20310962
394	0.204082106	52312.301	1.91E-05	9.137461392	9.141362618	27.69071749	65.9712916	76.47349584	63.86988269	0.015656832	45.57489263	48.77017181	128.2714515	29.19797715	39.30654509
395	0.210597316	52267.24914	1.91E-05	9.213904146	9.217933387	27.88449748	65.88182686	76.50397455	65.77691017	0.015202903	45.59447233	48.79616295	128.082547	29.26388671	39.41167264
396	0.217281227	52221.95874	1.91E-05	9.290375979	9.294536704	28.07786137	65.79260332	76.53496772	67.72962781	0.014764587	45.61395596	48.8220236	127.8947475	29.33075131	39.51850935
397	0.224137085	52176.43013	1.92E-05	9.366877356	9.37117311	28.27081244	65.7036243	76.56648052	69.72884476	0.014341267	45.6333424	48.84775224	127.7080395	29.39857639	39.62707202
398	0.231168171	52130.66357	1.92E-05	9.44340875	9.447843149	28.46335397	65.61489299	76.59851813	71.77537931	0.013932354	45.65263053	48.87334734	127.5224097	29.46736704	39.73737716
399	0.238377806	52084.65932	1.92E-05	9.519970634	9.524547371	28.65548921	65.52641247	76.63108578	73.8700589	0.013537284	45.67181924	48.89880741	127.3378452	29.53712795	39.84944098
400	0.245769346	52038.4176	1.92E-05	9.596563487	9.601286331	28.84722142	65.43818571	76.66418872	76.01372019	0.01315552	45.69090741	48.9241309	127.1543328	29.60786343	39.96327936
401	0.253346184	51991.93863	1.92E-05	9.673187791	9.678060589	29.03855381	65.35021556	76.69783224	78.20720919	0.012786545	45.7098939	48.94931629	126.9718598	29.6795774	40.07890788
402	0.261111753	51945.22257	1.93E-05	9.749844033	9.754870708	29.22948962	65.26250476	76.73202168	80.45138124	0.012429867	45.72877759	48.97436206	126.7904134	29.75227335	40.19634178
403	0.269069519	51898.26958	1.93E-05	9.826532703	9.831717259	29.42003202	65.17505595	76.76676241	82.74710112	0.012085016	45.74755736	48.99926667	126.6099809	29.82595439	40.31559596
404	0.277222986	51851.07979	1.93E-05	9.903254295	9.908600818	29.61018423	65.08787165	76.80205985	85.09524313	0.011751538	45.76623207	49.02402858	126.43055	29.90062318	40.43668498
405	0.285575698	51803.6533	1.93E-05	9.980009307	9.985521963	29.7999494	65.00095431	76.83791945	87.49669115	0.011429004	45.78480058	49.04864626	126.2521082	29.97628198	40.55962305
406	0.294131231	51755.99018	1.93E-05	10.05679824	10.06248128	29.98933071	64.91430625	76.87434673	89.9523387	0.011116998	45.80326177	49.07311817	126.0746433	30.05293259	40.68442401
407	0.302893202	51708.0905	1.93E-05	10.13362161	10.13947936	30.17833129	64.82792971	76.91134726	92.46308904	0.010815126	45.82161449	49.09744277	125.8981431	30.1305764	40.81110138
408	0.311865263	51659.95428	1.94E-05	10.21047991	10.2165168	30.36695429	64.74182683	76.94892665	95.02985523	0.010523009	45.83985761	49.12161851	125.7225957	30.20921435	40.93966828
409	0.321051103	51611.58154	1.94E-05	10.28737367	10.29359419	30.55520284	64.65599965	76.98709057	97.65356024	0.010240282	45.85798999	49.14564384	125.5479893	30.28884694	41.07013751
410	0.330454449	51562.97224	1.94E-05	10.36430339	10.37071215	30.74308002	64.57045015	77.02584474	100.335137	0.009966598	45.87601049	49.16951722	125.3743119	30.36947422	41.20252149
411	0.340079062	51514.12635	1.94E-05	10.44126962	10.44787128	30.93058896	64.4851802	77.06519497	103.0755285	0.009701624	45.89391796	49.19323709	125.201552	30.45109582	41.33683228
412	0.349928744	51465.0438	1.94E-05	10.51827286	10.52507221	31.11773273	64.40019158	77.1051471	105.8756878	0.009445039	45.91171127	49.2168019	125.029698	30.5337109	41.4730816
413	0.36000733	51415.7245	1.94E-05	10.59531366	10.60231555	31.30451441	64.31548601	77.14570706	108.7365784	0.009196537	45.92938926	49.2402101	124.8587385	30.61731819	41.61128082
414	0.370318692	51366.16835	1.95E-05	10.67239254	10.67960193	31.49093705	64.23106513	77.18688083	111.6591739	0.008955825	45.94695078	49.26346012	124.6886621	30.70191599	41.75144097
415	0.380866742	51316.37519	1.95E-05	10.74951005	10.75693198	31.67700371	64.14693048	77.22867448	114.6444584	0.00872262	45.9643947	49.28655041	124.5194578	30.78750216	41.89357273
416	0.391655424	51266.34487	1.95E-05	10.82666672	10.83430634	31.86271743	64.06308355	77.27109414	117.6934267	0.008496651	45.98171985	49.3094794	124.3511142	30.87407412	42.03768647
417	0.402688723	51216.07721	1.95E-05	10.90386312	10.91172566	32.04808124	63.97952575	77.31414602	120.8070839	0.00827766	45.99892509	49.33224554	124.1836205	30.96162887	42.18379223
418	0.413970655	51165.57199	1.95E-05	10.98109978	10.98919058	32.23309815	63.89625842	77.35783641	123.9864461	0.008065398	46.01600927	49.35484725	124.0169658	31.05016299	42.33189974
419	0.425505278	51114.82898	1.96E-05	11.05837727	11.06670176	32.41777118	63.81328283	77.4021717	127.2325401	0.007859625	46.03297122	49.37728297	123.8511392	31.13967264	42.48201845
420	0.437296683	51063.84793	1.96E-05	11.13569614	11.14425986	32.60210331	63.73060019	77.44715834	130.5464037	0.007660111	46.0498098	49.39955112	123.6861301	31.23015358	42.63415751
421	0.449348998	51012.62857	1.96E-05	11.21305697	11.22186555	32.78609753	63.64821163	77.49280289	133.9290857	0.007466638	46.06652384	49.42165014	123.5219279	31.32160117	42.78832581
422	0.461666388	50961.17057	1.96E-05	11.29046031	11.29951949	32.96975682	63.56611825	77.53911199	137.3816461	0.007278993	46.08311218	49.44357845	123.3585221	31.41401039	42.94453198
423	0.474253052	50909.47363	1.96E-05	11.36790675	11.37722237	33.15308414	63.48432107	77.58609238	140.9051563	0.007096972	46.09957366	49.46533447	123.1959023	31.50737583	43.10278442
424	0.487113227	50857.53738	1.97E-05	11.44539687	11.45497487	33.33608245	63.40282106	77.6337509	144.500699	0.006920382	46.11590713	49.48691661	123.0340583	31.60169172	43.2630913
425	0.500251187	50805.36145	1.97E-05	11.52293125	11.53277767	33.5187547	63.32161913	77.68209448	148.1693685	0.006749033	46.1321114	49.5083233	122.8729797	31.69695192	43.42546059
426	0.513671238	50752.94546	1.97E-05	11.60051047	11.61063148	33.70110383	63.24071613	77.73113018	151.9122707	0.006582747	46.14818531	49.52955296	122.7126566	31.79314997	43.5899001
427	0.527377725	50700.28896	1.97E-05	11.67813513	11.68853699	33.88313276	63.16011288	77.78086514	155.7305234	0.006421349	46.16412769	49.55060398	122.5530788	31.89027906	43.75641745
428	0.541375028	50647.39153	1.97E-05	11.75580582	11.76649492	34.06484441	63.07981015	77.83130664	159.6252563	0.006264673	46.17993736	49.57147477	122.3942366	31.98833206	43.92502012
429	0.555667563	50594.25269	1.98E-05	11.83352316	11.84450598	34.24624169	62.99980864	77.88246204	163.5976112	0.006112559	46.19561316	49.59216375	122.2361199	32.08730156	44.0957155
430	0.57025978	50540.87194	1.98E-05	11.91128774	11.92257089	34.42732752	62.92010902	77.93433887	167.6487422	0.005964852	46.21115389	49.6126693	122.0787192	32.18717983	44.26851086
431	0.585156167	50487.24877	1.98E-05	11.98910019	12.00069037	34.60810478	62.84071192	77.98694472	171.7798157	0.005821406	46.22655838	49.63298983	121.9220247	32.28795888	44.4434134
432	0.600361245	50433.38265	1.98E-05	12.06696111	12.07886516	34.78857637	62.76161793	78.04028737	175.9920106	0.005682076	46.24182544	49.65312373	121.7660268	32.38963048	44.62043028
433	0.615879571	50379.273	1.98E-05	12.14487114	12.157096	34.96874515	62.68282758	78.09437468	180.2865188	0.005546726	46.25695388	49.67306938	121.610716	32.49218612	44.79956866
434	0.631715739	50324.91923	1.99E-05	12.22283089	12.23538364	35.14861402	62.6043414	78.14921466	184.6645446	0.005415225	46.2719425	49.69282517	121.456083	32.59561709	44.98083566
435	0.647874376	50270.32073	1.99E-05	12.30084101	12.31372882	35.32818582	62.52615984	78.20481548	189.1273058	0.005287444	46.28679012	49.71238947	121.3021183	32.69991446	45.16423849
436	0.664360145	50215.47687	1.99E-05	12.37890213	12.39213232	35.50746343	62.44828336	78.26118542	193.676033	0.005163261	46.30149551	49.73176065	121.1488128	32.80506911	45.34978437
437	0.681177743	50160.38697	1.99E-05	12.4570149	12.47059489	35.6864497	62.37071235	78.31833291	198.3119705	0.00504256	46.31605749	49.75093709	120.9961573	32.91107174	45.53748064
438	0.698331904	50105.05036	2.00E-05	12.53517996	12.54911732	35.86514746	62.29344718	78.37626656	203.0363761	0.004925226	46.33047483	49.76991714	120.8441425	33.01791289	45.72733475
439	0.715827394	50049.46632	2.00E-05	12.61339797	12.62770037	36.04355957	62.21648822	78.4349951	207.8505212	0.00481115	46.34474632	49.78869916	120.6927596	33.12558297	45.9193543
440	0.733669016	49993.6341	2.00E-05	12.6916696	12.70634485	36.22168887	62.13983577	78.49452744	212.7556914	0.004700227	46.35887074	49.8072815	120.5419994	33.23407226	46.11354707
441	0.751861606	49937.55296	2.00E-05	12.76999551	12.78505155	36.39953817	62.06349013	78.55487264	217.7531862	0.004592355	46.37284686	49.8256625	120.3918532	33.34337092	46.30992102
442	0.770410036	49881.2221	2.00E-05	12.84837637	12.86382127	36.5771103	61.98745157	78.61603992	222.8443196	0.004487438	46.38667345	49.84384049	120.2423122	33.45346904	46.5084844
443	0.789319211	49824.64071	2.01E-05	12.92681287	12.94265481	36.75440809	61.91172033	78.6780387	228.0304202	0.00438538	46.40034927	49.8618138	120.0933674	33.56435663	46.70924568
444	0.808594072	49767.80795	2.01E-05	13.00530568	13.02155301	36.93143435	61.83629664	78.74087856	233.3128313	0.004286091	46.41387307	49.87958075	119.9450103	33.67602365	46.91221366
445	0.828239592	49710.72296	2.01E-05	13.08385551	13.10051669	37.1081919	61.7611807	78.80456926	238.6929113	0.004189483	46.4272436	49.89713966	119.7972323	33.78846003	47.11739747
446	0.84826078	49653.38483	2.01E-05	13.16246304	13.17954668	37.28468353	61.68637271	78.86912075	244.1720338	0.004095473	46.4404596	49.91448882	119.6500246	33.90165567	47.3248066
447	0.868662678	49595.79267	2.02E-05	13.24112898	13.25864382	37.46091207	61.61187283	78.93454318	249.7515878	0.004003979	46.4535198	49.93162652	119.503379	34.01560048	47.53445093
448	0.889450362	49537.94552	2.02E-05	13.31985404	13.33780897	37.63688029	61.53768122	79.00084687	255.4329782	0.003914921	46.46642292	49.94855107	119.3572868	34.13028437	47.74634077
449	0.910628943	49479.84242	2.02E-05	13.39863894	13.41704298	37.81259102	61.46379803	79.06804238	261.2176257	0.003828226	46.47916769	49.96526071	119.2117396	34.24569731	47.96048692
450	0.932203564	49421.48237	2.02E-05	13.47748441	13.49634673	37.98804703	61.39022338	79.13614045	267.1069673	0.003743818	46.49175281	49.98175374	119.0667293	34.3618293	48.17690063
451	0.954179403	49362.86433	2.03E-05	13.55639117	13.57572107	38.16325112	61.31695739	79.20515205	273.1024566	0.003661629	46.50417698	49.99802839	118.9222474	34.47867041	48.39559371
452	0.976561671	49303.98728	2.03E-05	13.63535997	13.65516692	38.33820609	61.24400018	79.27508836	279.2055637	0.003581591	46.51643889	50.01408291	118.7782857	34.5962108	48.61657852
453	0.999355612	49244.85012	2.03E-05	13.71439154	13.73468514	38.51291472	61.17135185	79.34596078	285.417776	0.003503636	46.52853722	50.02991554	118.6348361	34.71444071	48.83986802
454	1.022566505	49185.45174	2.03E-05	13.79348664	13.81427666	38.6873798	61.09901249	79.41778096	291.7405982	0.003427703	46.54047064	50.04552449	118.4918904	34.83335053	49.06547578
455	1.046199662	49125.79102	2.04E-05	13.87264603	13.89394237	38.86160412	61.0269822	79.49056077	298.1755525	0.003353729	46.55223781	50.06090797	118.3494406	34.95293074	49.29341604
456	1.070260425	49065.86679	2.04E-05	13.95187048	13.97368321	39.03559046	60.95526106	79.56431234	304.7241791	0.003281656	46.56383739	50.07606418	118.2074785	35.07317198	49.52370374
457	1.094754174	49005.67786	2.04E-05	14.03116077	14.0535001	39.20934161	60.88384917	79.63904804	311.3880365	0.003211427	46.575268	50.09099129	118.0659963	35.19406507	49.75635454
458	1.119686319	48945.22301	2.04E-05	14.11051767	14.13339398	39.38286035	60.81274659	79.7147805	318.1687018	0.003142987	46.58652827	50.10568749	117.9249859	35.31560096	49.99138485
459	1.145062303	48884.50098	2.05E-05	14.18994197	14.2133658	39.55614947	60.74195343	79.79152261	325.0677709	0.003076282	46.59761683	50.12015092	117.7844395	35.43777081	50.22881189
460	1.170887603	48823.51051	2.05E-05	14.26943448	14.29341653	39.72921176	60.67146976	79.86928754	332.0868589	0.00301126	46.60853227	50.13437972	117.6443491	35.56056598	50.46865369
461	1.197167728	48762.25027	2.05E-05	14.34899601	14.37354713	39.90205	60.60129567	79.94808874	339.2276007	0.002947873	46.61927319	50.14837202	117.504707	35.68397804	50.71092914
462	1.223908221	48700.71893	2.05E-05	14.42862737	14.45375858	40.07466699	60.53143127	80.02793994	346.4916511	0.002886072	46.62983815	50.16212592	117.3655054	35.80799877	50.95565804
463	1.251114656	48638.91512	2.06E-05	14.50832937	14.53405188	40.24706551	60.46187664	80.10885518	353.8806851	0.002825811	46.64022573	50.17563953	117.2267365	35.9326202	51.2028611
464	1.27879264	48576.83743	2.06E-05	14.58810287	14.61442802	40.41924835	60.39263189	80.19084877	361.3963985	0.002767045	46.65043447	50.18891091	117.0883925	36.05783459	51.45255999
465	1.306947814	48514.48444	2.06E-05	14.6679487	14.69488803	40.59121832	60.32369714	80.27393538	369.0405082	0.00270973	46.66046291	50.20193813	116.9504658	36.18363448	51.70477738
466	1.335585848	48451.85467	2.06E-05	14.7478677	14.77543292	40.7629782	60.25507251	80.35812995	376.8147528	0.002653824	46.67030957	50.21471923	116.8129488	36.31001264	51.95953695
467	1.364712449	48388.94664	2.07E-05	14.82786075	14.85606373	40.93453081	60.18675813	80.44344779	384.7208924	0.002599287	46.67997295	50.22725222	116.6758338	36.43696215	52.21686346
468	1.394333352	48325.7588	2.07E-05	14.90792871	14.93678151	41.10587895	60.11875415	80.52990452	392.7607099	0.00254608	46.68945154	50.23953513	116.5391132	36.56447635	52.47678276
469	1.424454326	48262.2896	2.07E-05	14.98807246	15.01758732	41.27702542	60.05106074	80.61751614	400.9360108	0.002494164	46.69874381	50.25156593	116.4027794	36.69254887	52.7393218
470	1.455081174	48198.53743	2.07E-05	15.0682929	15.09848222	41.44797304	59.98367806	80.70629897	409.2486238	0.002443502	46.70784823	50.26334259	116.2668249	36.82117367	53.00450871
471	1.486219727	48134.50067	2.08E-05	15.14859091	15.17946731	41.61872464	59.9166063	80.79626972	417.7004015	0.00239406	46.71676323	50.27486305	116.1312421	36.95034498	53.27237284
472	1.517875852	48070.17766	2.08E-05	15.22896742	15.26054367	41.78928303	59.84984568	80.88744548	426.2932206	0.002345803	46.72548722	50.28612525	115.9960237	37.08005736	53.54294471
473	1.550055446	48005.56668	2.08E-05	15.30942335	15.34171242	41.95965104	59.78339641	80.97984372	435.0289824	0.002298697	46.73401862	50.29712708	115.8611619	37.21030569	53.81625616
474	1.582764438	47940.66601	2.09E-05	15.38995961	15.42297468	42.12983152	59.71725875	81.07348232	443.9096138	0.002252711	46.74235581	50.30786642	115.7266495	37.34108517	54.09234029
475	1.616008789	47875.47387	2.09E-05	15.47057717	15.50433159	42.2998273	59.65143296	81.16837956	452.9370669	0.002207812	46.75049716	50.31834114	115.592479	37.47239134	54.37123155
476	1.649794493	47809.98844	2.09E-05	15.55127697	15.58578429	42.46964124	59.58591932	81.26455416	462.1133204	0.002163971	46.758441	50.32854907	115.4586429	37.60422006	54.65296575
477	1.684127574	47744.20789	2.09E-05	15.63205998	15.66733394	42.6392762	59.52071817	81.36202527	471.44038	0.002121159	46.76618568	50.33848802	115.3251338	37.73656753	54.9375801
478	1.719014088	47678.13033	2.10E-05	15.71292717	15.74898173	42.80873505	59.45582982	81.46081249	480.9202784	0.002079347	46.77372948	50.34815577	115.1919443	37.86943031	55.22511326
479	1.754460125	47611.75384	2.10E-05	15.79387953	15.83072884	42.97802065	59.39125465	81.56093587	490.5550766	0.002038507	46.7810707	50.3575501	115.0590671	38.00280527	55.51560537
480	1.790471805	47545.07644	2.10E-05	15.87491807	15.91257648	43.1471359	59.32699304	81.66241595	500.3468641	0.001998614	46.7882076	50.36666873	114.9264948	38.13668965	55.80909806
481	1.827055279	47478.09615	2.11E-05	15.9560438	15.99452587	43.31608369	59.26304543	81.76527378	510.2977598	0.00195964	46.79513842	50.37550938	114.7942199	38.27108104	56.10563453
482	1.86421673	47410.81091	2.11E-05	16.03725775	16.07657825	43.48486693	59.19941226	81.86953088	520.4099122	0.001921562	46.80186137	50.38406972	114.6622351	38.40597738	56.40525956
483	1.901962374	47343.21864	2.11E-05	16.11856095	16.15873487	43.65348853	59.13609402	81.97520931	530.6855005	0.001884355	46.80837466	50.39234741	114.5305331	38.54137694	56.70801956
484	1.940298459	47275.31722	2.12E-05	16.19995447	16.24099699	43.82195142	59.07309122	82.08233166	541.1267354	0.001847996	46.81467644	50.40034008	114.3991066	38.67727836	57.01396262
485	1.979231261	47207.10448	2.12E-05	16.28143936	16.32336591	43.99025855	59.01040442	82.19092109	551.735859	0.001812461	46.82076487	50.40804533	114.2679481	38.81368063	57.32313852
486	2.018767092	47138.5782	2.12E-05	16.36301671	16.40584293	44.15841286	58.9480342	82.30100131	562.5151467	0.00177773	46.82663807	50.41546071	114.1370503	38.95058309	57.63559881
487	2.058912294	47069.73613	2.12E-05	16.44468761	16.48842935	44.32641732	58.8859812	82.41259663	573.4669068	0.00174378	46.83229413	50.42258377	114.0064059	39.08798543	57.95139681
488	2.099673239	47000.57597	2.13E-05	16.52645317	16.57112652	44.49427492	58.82424608	82.52573196	584.5934822	0.00171059	46.83773111	50.429412	113.8760075	39.22588768	58.27058769
489	2.141056333	46931.09536	2.13E-05	16.60831452	16.6539358	44.66198864	58.76282955	82.64043286	595.8972505	0.001678142	46.84294707	50.43594289	113.7458477	39.36429024	58.59322852
490	2.183068013	46861.29192	2.13E-05	16.6902728	16.73685855	44.8295615	58.70173236	82.7567255	607.3806254	0.001646414	46.84794	50.44217387	113.6159193	39.50319382	58.91937828
491	2.225714747	46791.1632	2.14E-05	16.77232917	16.81989616	44.99699652	58.6409553	82.87463674	619.0460571	0.001615389	46.8527079	50.44810233	113.4862148	39.64259953	59.24909793
492	2.269003035	46720.70671	2.14E-05	16.85448479	16.90305005	45.16429675	58.58049921	82.99419412	630.8960335	0.001585047	46.85724873	50.45372567	113.3567269	39.78250876	59.58245047
493	2.312939411	46649.91991	2.14E-05	16.93674086	16.98632164	45.33146524	58.52036498	83.11542589	642.9330808	0.001555372	46.8615604	50.45904119	113.2274481	39.9229233	59.91950097
494	2.357530437	46578.80021	2.15E-05	17.01909857	17.06971238	45.49850508	58.46055355	83.23836105	655.1597648	0.001526345	46.86564081	50.46404621	113.0983711	40.06384523	60.26031663
495	2.40278271	46507.34497	2.15E-05	17.10155916	17.15322375	45.66541935	58.4010659	83.36302932	667.5786916	0.001497951	46.86948782	50.46873798	112.9694885	40.20527699	60.60496684
496	2.448702858	46435.55149	2.15E-05	17.18412386	17.23685723	45.83221118	58.34190307	83.48946125	680.1925085	0.001470172	46.87309928	50.47311372	112.8407928	40.34722136	60.95352326
497	2.49529754	46363.41702	2.16E-05	17.26679393	17.32061433	45.9988837	58.28306616	83.61768817	693.0039054	0.001442993	46.87647296	50.47717062	112.7122766	40.48968144	61.30605983
498	2.542573448	46290.93876	2.16E-05	17.34957066	17.4044966	46.16544008	58.22455631	83.74774223	706.0156156	0.001416399	46.87960665	50.48090581	112.5839325	40.63266064	61.66265286
499	2.590537307	46218.11385	2.16E-05	17.43245532	17.48850558	46.33188348	58.16637474	83.87965649	719.2304169	0.001390375	46.88249806	50.4843164	112.4557529	40.77616273	62.02338111
500	2.639195872	46144.93937	2.17E-05	17.51544925	17.57264286	46.49821711	58.10852272	84.01346487	732.6511329	0.001364906	46.88514489	50.48739944	112.3277303	40.92019177	62.38832582
501	2.688555932	46071.41234	2.17E-05	17.59855377	17.65691004	46.6644442	58.05100158	84.14920221	746.2806339	0.001339978	46.88754481	50.49015194	112.1998572	41.06475217	62.75757081
502	2.738624309	45997.52974	2.17E-05	17.68177024	17.74130875	46.830568	57.99381271	84.28690433	760.1218382	0.001315579	46.88969542	50.49257087	112.072126	41.20984862	63.13120255
503	2.789407856	45923.28845	2.18E-05	17.76510004	17.82584063	46.99659178	57.93695757	84.42660801	774.1777138	0.001291693	46.89159432	50.49465316	111.9445292	41.35548617	63.50931021
504	2.84091346	45848.68533	2.18E-05	17.84854456	17.91050737	47.16251885	57.88043771	84.56835109	788.4512789	0.001268309	46.89323904	50.49639568	111.8170591	41.50167013	63.89198579
505	2.893148039	45773.71714	2.18E-05	17.93210523	17.99531067	47.32835253	57.8242547	84.71217242	802.9456037	0.001245414	46.89462709	50.49779525	111.6897081	41.64840614	64.27932412
506	2.946118546	45698.3806	2.19E-05	18.01578349	18.08025227	47.49409619	57.76841024	84.858112	817.6638119	0.001222997	46.89575592	50.49884867	111.5624685	41.79570017	64.67142306
507	2.999831965	45622.67235	2.19E-05	18.09958081	18.16533391	47.65975321	57.71290608	85.00621092	832.6090819	0.001201044	46.89662297	50.49955264	111.4353326	41.94355844	65.06838347
508	3.054295316	45546.58897	2.20E-05	18.18349867	18.25055738	47.82532701	57.65774403	85.15651147	847.7846481	0.001179545	46.89722559	50.49990385	111.3082925	42.0919875	65.47030939
509	3.109515649	45470.12695	2.20E-05	18.2675386	18.3359245	47.99082105	57.60292602	85.30905716	863.1938029	0.001158488	46.89756113	50.49989891	111.1813405	42.2409942	65.8773081
510	3.165500051	45393.28274	2.20E-05	18.35170213	18.42143711	48.15623879	57.54845403	85.46389275	878.8398979	0.001137864	46.89762687	50.4995344	111.0544688	42.39058567	66.28949023
511	3.222255641	45316.05269	2.21E-05	18.43599082	18.50709709	48.32158377	57.49433014	85.62106432	894.7263458	0.00111766	46.89742004	50.49880683	110.9276694	42.54076933	66.70696987
512	3.279789571	45238.43308	2.21E-05	18.52040627	18.59290634	48.48685953	57.44055652	85.78061931	910.8566217	0.001097868	46.89693784	50.49771264	110.8009343	42.69155288	67.12986467
513	3.338109028	45160.42011	2.21E-05	18.60495011	18.6788668	48.65206966	57.38713542	85.94260657	927.2342655	0.001078476	46.8961774	50.49624822	110.6742557	42.84294432	67.55829596
514	3.397221234	45082.00992	2.22E-05	18.68962397	18.76498044	48.81721779	57.33406921	86.10707639	943.8628829	0.001059476	46.89513582	50.49440992	110.5476253	42.99495192	67.9923889
515	3.457133446	45003.19855	2.22E-05	18.77442953	18.85124926	48.98230759	57.28136033	86.2740806	960.7461481	0.001040858	46.89381013	50.492194	110.4210352	43.14758421	68.43227253
516	3.517852954	44923.98195	2.23E-05	18.85936851	18.9376753	49.14734275	57.22901134	86.4436726	977.8878052	0.001022612	46.89219731	50.48959666	110.2944772	43.30085002	68.87808001
517	3.579387085	44844.356	2.23E-05	18.94444263	19.02426064	49.31232704	57.17702488	86.61590742	995.2916704	0.001004731	46.8902943	50.48661404	110.1679429	43.45475842	69.32994867
518	3.641743199	44764.31649	2.23E-05	19.02965367	19.11100738	49.47726423	57.12540373	86.7908418	1012.961634	0.000987204	46.88809797	50.48324222	110.0414242	43.60931877	69.78802018
519	3.704928694	44683.8591	2.24E-05	19.11500342	19.19791767	49.64215818	57.07415077	86.96853422	1030.901663	0.000970025	46.88560512	50.47947719	109.9149126	43.76454068	70.25244073
520	3.768951003	44602.97945	2.24E-05	19.20049372	19.2849937	49.80701275	57.02326898	87.14904503	1049.115802	0.000953184	46.88281252	50.47531489	109.7883996	43.920434	70.72336115
521	3.833817595	44521.67304	2.25E-05	19.28612644	19.3722377	49.97183189	56.97276147	87.33243645	1067.608179	0.000936673	46.87971685	50.47075116	109.6618769	44.07700884	71.2009371
522	3.899535976	44439.93527	2.25E-05	19.37190347	19.45965193	50.13661958	56.92263148	87.51877271	1086.383002	0.000920486	46.87631475	50.46578179	109.5353358	44.23427558	71.68532923
523	3.966113688	44357.76146	2.25E-05	19.45782677	19.54723871	50.30137984	56.87288237	87.70812009	1105.444568	0.000904613	46.87260278	50.46040248	109.4087675	44.39224481	72.17670339
524	4.033558312	44275.1468	2.26E-05	19.54389829	19.63500038	50.46611677	56.82351763	87.90054701	1124.79726	0.000889049	46.86857743	50.45460885	109.2821635	44.55092738	72.67523078
525	4.101877465	44192.0864	2.26E-05	19.63012007	19.72293934	50.63083452	56.77454089	88.09612414	1144.445554	0.000873786	46.86423514	50.44839644	109.1555147	44.71033436	73.18108818
526	4.171078802	44108.57523	2.27E-05	19.71649414	19.81105804	50.79553727	56.72595593	88.29492445	1164.39402	0.000858816	46.85957226	50.4417607	109.0288123	44.87047706	73.69445817
527	4.241170017	44024.60818	2.27E-05	19.80302262	19.89935897	50.96022929	56.67776665	88.49702336	1184.647325	0.000844133	46.85458508	50.43469701	108.9020472	45.03136702	74.21552932
528	4.312158844	43940.17999	2.28E-05	19.88970763	19.98784466	51.1249149	56.62997712	88.70249878	1205.210233	0.000829731	46.8492698	50.42720062	108.7752103	45.19301597	74.74449646
529	4.384053053	43855.28531	2.28E-05	19.97655135	20.07651771	51.28959849	56.58259157	88.91143129	1226.087617	0.000815602	46.84362256	50.41926674	108.6482923	45.35543591	75.28156091
530	4.456860456	43769.91864	2.28E-05	20.06355601	20.16538075	51.45428451	56.53561438	89.12390417	1247.284452	0.000801742	46.8376394	50.41089044	108.5212839	45.51863901	75.82693073
531	4.530588906	43684.07438	2.29E-05	20.15072388	20.25443648	51.61897749	56.48905012	89.34000358	1268.805824	0.000788143	46.83131631	50.40206671	108.3941757	45.68263766	76.380821
532	4.605246295	43597.74678	2.29E-05	20.23805728	20.34368765	51.783682	56.44290349	89.55981865	1290.656934	0.000774799	46.82464915	50.39279044	108.2669579	45.84744449	76.94345414
533	4.680840555	43510.92995	2.30E-05	20.32555857	20.43313707	51.94840272	56.39717942	89.78344163	1312.843099	0.000761706	46.81763374	50.38305641	108.139621	46.0130723	77.51506018
534	4.757379664	43423.61788	2.30E-05	20.41323018	20.5227876	52.11314439	56.35188299	90.010968	1335.369757	0.000748856	46.81026577	50.3728593	108.0121551	46.1795341	78.09587706
535	4.834871637	43335.8044	2.31E-05	20.50107457	20.61264217	52.27791182	56.3070195	90.24249665	1358.242473	0.000736246	46.80254086	50.36219367	107.8845502	46.34684312	78.68615104
536	4.913324535	43247.48321	2.31E-05	20.58909426	20.70270375	52.44270993	56.26259444	90.47812999	1381.466938	0.000723868	46.79445453	50.35105397	107.7567962	46.51501279	79.286137
537	4.992746463	43158.64783	2.32E-05	20.67729185	20.79297542	52.6075437	56.21861351	90.71797415	1405.048981	0.000711719	46.78600219	50.33943452	107.6288828	46.68405673	79.89609883
538	5.073145568	43069.29164	2.32E-05	20.76566996	20.88346027	52.77241821	56.17508262	90.96213911	1428.994566	0.000699793	46.77717917	50.32732953	107.5007997	46.85398877	80.51630985
539	5.154530042	42979.40786	2.33E-05	20.85423129	20.97416151	52.93733861	56.13200792	91.2107389	1453.309802	0.000688085	46.76798066	50.31473307	107.3725363	47.02482294	81.1470532
540	5.236908124	42888.98952	2.33E-05	20.9429786	21.06508239	53.10231018	56.08939579	91.46389178	1478.000946	0.00067659	46.75840178	50.30163911	107.2440819	47.19657348	81.78862233
541	5.320288097	42798.02951	2.34E-05	21.03191471	21.15622623	53.26733828	56.04725284	91.72172044	1503.074407	0.000665303	46.7484375	50.28804144	107.1154256	47.36925485	82.44132142
542	5.404678292	42706.5205	2.34E-05	21.12104252	21.24759645	53.43242836	56.00558595	91.98435219	1528.536755	0.00065422	46.7380827	50.27393375	106.9865562	47.54288171	83.10546594
543	5.490087089	42614.45501	2.35E-05	21.21036497	21.33919654	53.597586	55.96440226	92.25191922	1554.394724	0.000643337	46.72733213	50.25930956	106.8574627	47.71746894	83.78138312
544	5.576522913	42521.82534	2.35E-05	21.2998851	21.43103005	53.76281687	55.92370918	92.52455877	1580.655215	0.000632649	46.7161804	50.24416226	106.7281334	47.89303164	84.46941255
545	5.66399424	42428.62361	2.36E-05	21.389606	21.52310065	53.92812677	55.8835144	92.80241344	1607.325311	0.000622152	46.70462202	50.22848505	106.5985569	48.06958514	85.16990677
546	5.752509597	42334.84171	2.36E-05	21.47953086	21.61541207	54.0935216	55.84382593	93.0856314	1634.412275	0.000611841	46.69265135	50.21227102	106.4687211	48.24714503	85.88323188
547	5.84207756	42240.47135	2.37E-05	21.56966292	21.70796814	54.2590074	55.80465207	93.37436668	1661.92356	0.000601712	46.6802626	50.19551306	106.3386142	48.4257271	86.60976824
548	5.932706758	42145.50399	2.37E-05	21.66000552	21.80077277	54.42459033	55.76600144	93.66877947	1689.866816	0.000591763	46.66744985	50.17820389	106.2082238	48.60534743	87.34991114
549	6.024405873	42049.93088	2.38E-05	21.75056208	21.89382999	54.59027669	55.72788302	93.96903643	1718.249899	0.000581988	46.65420703	50.16033608	106.0775373	48.78602235	88.10407158
550	6.117183639	41953.74301	2.38E-05	21.84133611	21.98714392	54.7560729	55.69030611	94.27531097	1747.080875	0.000572383	46.64052792	50.14190197	105.9465421	48.96776846	88.87267706
551	6.211048848	41856.93115	2.39E-05	21.9323312	22.08071878	54.92198555	55.65328042	94.58778366	1776.368033	0.000562946	46.62640613	50.12289375	105.8152251	49.15060265	89.65617242
552	6.306010344	41759.4858	2.39E-05	22.02355105	22.1745589	55.08802135	55.61681599	94.90664254	1806.119889	0.000553673	46.6118351	50.1033034	105.683573	49.33454211	90.45502074
553	6.402077031	41661.3972	2.40E-05	22.11499944	22.26866872	55.25418719	55.58092331	95.23208356	1836.345198	0.00054456	46.59680812	50.0831227	105.5515723	49.51960434	91.26970433
554	6.499257869	41562.65531	2.41E-05	22.20668027	22.3630528	55.42049011	55.54561327	95.56431094	1867.052961	0.000535603	46.58131827	50.06234319	105.4192092	49.70580717	92.10072568
555	6.597561879	41463.24981	2.41E-05	22.29859752	22.45771583	55.58693731	55.51089718	95.90353766	1898.25244	0.0005268	46.56535848	50.04095622	105.2864695	49.89316877	92.94860862
556	6.696998143	41363.17008	2.42E-05	22.39075531	22.55266259	55.75353618	55.47678683	96.24998588	1929.95316	0.000518147	46.54892146	50.0189529	105.1533389	50.08170765	93.81389943
557	6.797575802	41262.4052	2.42E-05	22.48315786	22.64789803	55.92029428	55.4432945	96.60388748	1962.164929	0.000509641	46.53199972	49.9963241	105.0198025	50.27144273	94.69716806
558	6.899304063	41160.94393	2.43E-05	22.57580949	22.74342722	56.08721937	55.41043294	96.96548453	1994.897842	0.000501279	46.51458558	49.97306046	104.8858452	50.4623933	95.5990095
559	7.002192196	41058.77468	2.44E-05	22.66871466	22.83925536	56.25431939	55.37821546	97.33502995	2028.1623	0.000493057	46.49667114	49.94915233	104.7514517	50.65457908	96.52004511
560	7.106249538	40955.88555	2.44E-05	22.76187797	22.93538782	56.42160252	55.34665591	97.71278799	2061.969015	0.000484973	46.47824826	49.92458983	104.6166061	50.84802022	97.46092415
561	7.211485492	40852.26424	2.45E-05	22.85530413	23.0318301	56.58907711	55.31576871	98.09903499	2096.32903	0.000477024	46.45930858	49.89936278	104.4812922	51.04273732	98.42232538
562	7.317909533	40747.8981	2.45E-05	22.948998	23.12858786	56.75675176	55.2855689	98.49405997	2131.253732	0.000469207	46.43984349	49.87346072	104.3454935	51.23875147	99.40495875
563	7.425531205	40642.7741	2.46E-05	23.04296457	23.22566694	56.92463529	55.25607217	98.89816543	2166.754862	0.00046152	46.41984413	49.84687287	104.2091929	51.43608427	100.4095673
564	7.534360122	40536.87878	2.47E-05	23.13720901	23.32307334	57.09273679	55.22729487	99.31166811	2202.844539	0.000453958	46.39930137	49.81958818	104.072373	51.63475785	101.4369289
565	7.644405977	40430.19828	2.47E-05	23.23173661	23.42081325	57.26106557	55.19925407	99.73489982	2239.535268	0.000446521	46.37820582	49.79159523	103.935016	51.83479489	102.4878586
566	7.755678536	40322.71828	2.48E-05	23.32655285	23.51889303	57.42963122	55.17196756	100.1682083	2276.839965	0.000439205	46.35654778	49.76288229	103.7971034	52.03621868	103.5632108
567	7.868187643	40214.42402	2.49E-05	23.42166338	23.61731923	57.5984436	55.14545395	100.6119584	2314.77197	0.000432008	46.33431728	49.73343725	103.6586165	52.23905311	104.6638817
568	7.981943223	40105.30024	2.49E-05	23.517074	23.71609864	57.76751288	55.11973265	101.0665329	2353.34507	0.000424927	46.311504	49.70324767	103.5195358	52.44332274	105.7908117
569	8.096955283	39995.33122	2.50E-05	23.61279072	23.81523823	57.9368495	55.09482396	101.5323334	2392.573519	0.00041796	46.28809734	49.67230068	103.3798415	52.64905281	106.9449885
570	8.213233912	39884.50067	2.51E-05	23.70881974	23.91474519	58.10646425	55.07074911	102.0097823	2432.472059	0.000411104	46.26408632	49.64058303	103.2395131	52.8562693	108.1274496
571	8.330789288	39772.79178	2.51E-05	23.80516746	24.01462697	58.27636822	55.04753027	102.4993232	2473.055944	0.000404358	46.23945962	49.60808106	103.0985295	53.06499895	109.3392863
572	8.449631676	39660.18718	2.52E-05	23.90184049	24.11489122	58.44657286	55.02519068	103.001423	2514.340968	0.000397719	46.21420555	49.57478066	102.9568691	53.2752693	110.5816466
573	8.569771434	39546.66889	2.53E-05	23.99884567	24.21554588	58.61709	55.00375464	103.5165728	2556.343484	0.000391184	46.18831202	49.54066724	102.8145095	53.48710875	111.855739
574	8.691219012	39432.2183	2.54E-05	24.09619005	24.31659914	58.78793182	54.98324762	104.0452902	2599.080438	0.000384751	46.16176655	49.50572577	102.6714277	53.70054662	113.1628369
575	8.813984955	39316.81616	2.54E-05	24.19388096	24.41805946	58.95911091	54.96369632	104.5881205	2642.569398	0.00037842	46.13455622	49.4699407	102.5276	53.91561316	114.5042827
576	8.938079912	39200.44254	2.55E-05	24.29192594	24.51993561	59.13064028	54.9451287	105.1456389	2686.828584	0.000372186	46.10666766	49.43329593	102.3830019	54.13233965	115.8814928
577	9.063514628	39083.07678	2.56E-05	24.39033283	24.62223665	59.30253339	54.92757415	105.7184526	2731.876902	0.000366049	46.07808705	49.39577483	102.2376082	54.35075842	117.2959626
578	9.190299958	38964.69749	2.57E-05	24.48910975	24.72497196	59.47480415	54.91106348	106.3072029	2777.733979	0.000360006	46.04880005	49.3573602	102.0913928	54.57090296	118.7492721
579	9.318446862	38845.28245	2.57E-05	24.58826508	24.82815128	59.64746695	54.89562908	106.9125678	2824.420203	0.000354055	46.01879182	49.31803421	101.9443287	54.79280794	120.2430924
580	9.447966413	38724.80866	2.58E-05	24.68780756	24.93178466	59.82053671	54.881305	107.5352649	2871.956766	0.000348195	45.98804698	49.2777784	101.796388	55.01650931	121.7791916
581	9.578869798	38603.25221	2.59E-05	24.78774621	25.03588255	59.99402886	54.86812705	108.1760539	2920.3657	0.000342423	45.95654957	49.23657364	101.6475419	55.2420444	123.359443
582	9.711168324	38480.5883	2.60E-05	24.88809042	25.1404558	60.16795942	54.85613291	108.8357402	2969.669933	0.000336738	45.92428303	49.1944001	101.4977606	55.46945196	124.9858319
583	9.844873418	38356.79114	2.61E-05	24.98884993	25.24551565	60.34234499	54.84536232	109.5151784	3019.893331	0.000331138	45.89123017	49.15123718	101.3470131	55.69877228	126.6604654
584	9.979996635	38231.83393	2.62E-05	25.09003487	25.35107379	60.51720283	54.83585715	110.2152762	3071.060758	0.00032562	45.85737313	49.10706352	101.1952674	55.93004731	128.3855807
585	10.11654966	38105.68879	2.62E-05	25.19165575	25.45714235	60.69255083	54.82766157	110.9369987	3123.198128	0.000320185	45.82269334	49.06185693	101.0424903	56.16332074	130.1635564
586	10.25454431	37978.32673	2.63E-05	25.29372354	25.56373397	60.8684076	54.82082224	111.6813733	3176.332473	0.000314829	45.78717151	49.01559436	100.8886472	56.39863812	131.9969232
587	10.39399256	37849.71751	2.64E-05	25.39624963	25.67086179	61.04479252	54.8153885	112.4494948	3230.492001	0.00030955	45.75078754	48.9682518	100.7337023	56.63604701	133.8883766
588	10.53490649	37719.82965	2.65E-05	25.4992459	25.77853948	61.22172573	54.81141254	113.2425314	3285.706177	0.000304349	45.71352051	48.91980431	100.5776183	56.87559713	135.8407908
589	10.67729836	37588.63032	2.66E-05	25.60272472	25.88678132	61.39922823	54.80894963	114.0617314	3342.005793	0.000299222	45.67534861	48.87022589	100.4203565	57.11734048	137.8572333
590	10.82118059	37456.08522	2.67E-05	25.70669903	25.99560217	61.57732191	54.80805838	114.9084301	3399.423052	0.000294168	45.63624913	48.81948947	100.2618766	57.36133156	139.9409821
591	10.96656573	37322.15856	2.68E-05	25.81118231	26.10501756	61.75602961	54.80880101	115.7840585	3457.991661	0.000289185	45.59619833	48.7675668	100.1021366	57.6076275	142.0955441
592	11.11346653	37186.8129	2.69E-05	25.91618866	26.2150437	61.93537519	54.81124364	116.690152	3517.746928	0.000284273	45.55517146	48.71442843	99.94109265	57.85628831	144.3246751
593	11.26189588	37050.00906	2.70E-05	26.02173283	26.32569756	62.11538362	54.81545663	117.628361	3578.725862	0.000279429	45.51314262	48.66004359	99.77869902	58.10737712	146.6324031
594	11.41186687	36911.70602	2.71E-05	26.12783027	26.43699688	62.29608099	54.82151494	118.6004622	3640.967293	0.000274652	45.47008476	48.60438011	99.61490798	58.36096036	149.0230531
595	11.56339278	36771.86073	2.72E-05	26.23449717	26.54896026	62.47749467	54.82949857	119.6083723	3704.511995	0.000269941	45.42596953	48.54740437	99.44966964	58.61710813	151.5012757
596	11.71648706	36630.42803	2.73E-05	26.34175053	26.66160721	62.65965338	54.839493	120.6541618	3769.402818	0.000265294	45.38076727	48.48908114	99.28293178	58.87589441	154.072078
597	11.87116337	36487.36044	2.74E-05	26.4496082	26.77495821	62.84258725	54.85158973	121.740073	3835.68484	0.00026071	45.33444684	48.42937353	99.1146397	59.13739748	156.7408593
598	12.0274356	36342.60798	2.75E-05	26.55808895	26.88903481	63.026328	54.86588686	122.8685384	3903.405523	0.000256187	45.2869756	48.36824285	98.94473608	59.40170026	159.5134503
599	12.18531782	36196.11799	2.76E-05	26.66721259	27.00385968	63.21090903	54.88248976	124.0422026	3972.614892	0.000251723	45.23831922	48.30564846	98.77316075	59.66889073	162.3961576
600	12.34482436	36047.83488	2.77E-05	26.77699998	27.11945673	63.39636556	54.90151182	125.2639476	4043.365726	0.000247319	45.18844164	48.24154769	98.5998505	59.93906239	165.3958138
601	12.50596975	35897.69989	2.79E-05	26.88747318	27.2358512	63.58273483	54.92307534	126.5369213	4115.713773	0.000242971	45.13730487	48.17589561	98.42473883	60.21231482	168.5198341
602	12.66876881	35745.65079	2.80E-05	26.99865553	27.35306981	63.77005622	54.94731244	127.8645701	4189.717977	0.00023868	45.08486889	48.10864492	98.24775575	60.48875423	171.7762802
603	12.83323657	35591.62155	2.81E-05	27.1105718	27.47114083	63.95837148	54.97436624	129.2506769	4265.440739	0.000234442	45.03109147	48.03974576	98.06882742	60.76849412	175.1739334
604	12.99938835	35435.54201	2.82E-05	27.22324827	27.59009431	64.14772499	55.00439215	130.6994051	4342.9482	0.000230258	44.97592802	47.96914547	97.88787593	61.05165606	178.7223778
605	13.16723976	35277.33742	2.83E-05	27.33671291	27.70996216	64.33816395	55.03755931	132.2153483	4422.31055	0.000226126	44.91933135	47.8967884	97.7048189	61.33837048	182.4320946
606	13.33680667	35116.92801	2.85E-05	27.45099557	27.83077841	64.52973872	55.0740523	133.8035895	4503.602384	0.000222044	44.86125149	47.82261564	97.51956913	61.62877765	186.3145718
607	13.50810527	34954.22842	2.86E-05	27.56612815	27.9525794	64.72250311	55.11407319	135.4697684	4586.90308	0.000218012	44.80163545	47.74656475	97.33203417	61.92302875	190.3824291
608	13.68115208	34789.14714	2.87E-05	27.68214479	28.07540399	64.9165148	55.15784373	137.2201609	4672.29724	0.000214027	44.74042695	47.66856944	97.14211587	62.22128708	194.6495623
609	13.85596392	34621.58578	2.89E-05	27.79908219	28.1992939	65.11183571	55.20560814	139.0617709	4759.875166	0.00021009	44.67756611	47.58855924	96.94970983	62.52372947	199.1313117
610	14.03255797	34451.43831	2.90E-05	27.91697983	28.32429397	65.30853251	55.25763613	141.0024384	4849.733402	0.000206197	44.61298912	47.5064591	96.75470484	62.8305479	203.8446564
611	14.21095179	34278.59014	2.92E-05	28.03588031	28.45045255	65.50667716	55.31422667	143.0509654	4941.975349	0.000202348	44.54662788	47.42218892	96.55698219	63.1419513	208.8084426
612	14.39116327	34102.91714	2.93E-05	28.15582973	28.57782188	65.70634753	55.37571222	145.2172648	5036.711945	0.000198542	44.47840956	47.33566314	96.35641496	63.45816771	214.0436508
613	14.57321075	33924.28441	2.95E-05	28.27687809	28.70645858	65.90762813	55.44246384	147.5125346	5134.062448	0.000194778	44.4082561	47.24679009	96.15286714	63.7794467	219.5737107
614	14.75711292	33742.54498	2.96E-05	28.39907976	28.83642416	66.11061088	55.5148972	149.9494646	5234.15532	0.000191053	44.33608374	47.1554714	95.94619272	64.10606225	225.4248743
615	14.94288895	33557.53828	2.98E-05	28.52249407	28.96778564	66.31539609	55.59347963	152.5424809	5337.129233	0.000187367	44.2618023	47.06160127	95.73623452	64.43831605	231.6266593
616	15.13055842	33369.08838	3.00E-05	28.64718587	29.10061625	66.52209347	55.67873863	155.3080357	5443.134229	0.000183718	44.18531453	46.96506564	95.522823	64.77654141	238.2123799
617	15.3201414	33177.00198	3.01E-05	28.77322627	29.23499619	66.73082337	55.77127187	158.2649536	5552.333046	0.000180104	44.10651527	46.86574121	95.30577479	65.12110785	245.2197855
618	15.51165844	32981.06611	3.03E-05	28.90069348	29.37101359	66.94171817	55.8717592	161.4348441	5664.902654	0.000176526	44.02529051	46.76349439	95.08489099	65.47242648	252.6918331
619	15.70513057	32781.04558	3.05E-05	29.02967368	29.50876549	67.15492387	55.980977	164.8425975	5781.03604	0.000172979	43.94151627	46.65817994	94.85995528	65.83095649	260.677628
620	15.90057938	32576.67989	3.07E-05	29.16026211	29.64835909	67.37060185	56.09981541	168.5169799	5900.94429	0.000169464	43.85505734	46.54963953	94.63073158	66.19721279	269.2335777
621	16.09802702	32367.67993	3.09E-05	29.29256426	29.78991307	67.58893102	56.22929897	172.4913523	6024.859034	0.000165979	43.76576574	46.43769996	94.39696144	66.57177528	278.424816
622	16.29749618	32153.72404	3.11E-05	29.42669728	29.93355913	67.81011011	56.37061146	176.8045409	6153.035332	0.000162521	43.67347895	46.32217107	94.15836081	66.95530008	288.3269768
623	16.4990102	31934.45368	3.13E-05	29.56279148	30.07944382	68.03436039	56.52512577	181.5018947	6285.755114	0.00015909	43.57801777	46.20284325	93.9146163	67.34853309	299.0284187
624	16.70259303	31709.4685	3.15E-05	29.70099215	30.2277305	68.26192874	56.69443974	186.6365751	6423.331291	0.000155682	43.47918376	46.07948449	93.66538065	67.7523268	310.6330434
625	16.90826932	31478.32079	3.18E-05	29.8414615	30.37860163	68.49309105	56.8804191	192.2711353	6566.112724	0.000152297	43.37675618	45.95183675	93.41026725	68.16766092	323.2638988
626	17.11606446	31240.50939	3.20E-05	29.98438095	30.5322614	68.72815618	57.08524872	198.4794613	6714.490278	0.000148932	43.27048819	45.81961161	93.14884341	68.59566833	337.0678353
627	17.32600463	30995.47297	3.23E-05	30.12995357	30.68893857	68.96747026	57.31149309	205.349171	6868.904258	0.000145584	43.16010222	45.68248482	92.88062217	69.03766759	352.2215927
628	17.53811692	30742.58278	3.25E-05	30.27840687	30.84888974	69.2114216	57.5621669	212.9845995	7029.853647	0.00014225	43.04528421	45.54008962	92.60505198	69.49520447	368.9398559
629	17.75242942	30481.13494	3.28E-05	30.42999585	31.01240295	69.46044606	57.84081579	221.5105495	7197.907715	0.000138929	42.92567634	45.39200824	92.32150376	69.97010542	387.486067
630	17.96897139	30210.34255	3.31E-05	30.58500628	31.17980163	69.71503298	58.15160544	231.0770759	7373.720781	0.000135617	42.80086778	45.23776117	92.02925445	70.4645474	408.1871541
631	18.18777354	29929.32755	3.34E-05	30.74375845	31.35144913	69.97573179	58.49941515	241.865731	7558.051244	0.000132309	42.67038273	45.07679319	91.72746564	70.98115007	431.4539393
632	18.4088683	29637.11264	3.37E-05	30.90661125	31.52775369	70.24315954	58.88992713	254.0980108	7751.786537	0.000129003	42.53366476	44.90845517	91.41515554	71.52310004	457.8099544
633	18.63229034	29332.61257	3.41E-05	31.07396732	31.70917464	70.51801001	59.32969735	268.0473741	7955.976279	0.000125692	42.39005593	44.73197974	91.09116183	72.09431997	487.932963
634	18.85807716	29014.62315	3.45E-05	31.24627981	31.8962306	70.80106602	59.8261871	284.0574865	8171.877326	0.000122371	42.23876848	44.54644839	90.75409093	72.69970454	522.7162663
635	19.08627004	28681.80324	3.49E-05	31.42406331	32.08951205	71.09321846	60.38773222	302.5719916	8401.016096	0.000119033	42.0788457	44.35074589	90.40224812	73.34545528	563.3616276
636	19.31691518	28332.63854	3.53E-05	31.60791282	32.28970302	71.39549938	61.02344197	324.1864399	8645.276848	0.00011567	41.90910664	44.14349607	90.03353876	74.03956725	611.5245192
637	19.55006523	27965.36431	3.58E-05	31.79853979	32.49762116	71.70914381	61.74307915	349.7435887	8907.029932	0.000112271	41.72806618	43.92296902	89.64532568	74.79255449	669.5492948
638	19.7857812	27577.80279	3.63E-05	31.99684068	32.71429382	72.03570717	62.55713136	380.51402	9189.323536	0.000108822	41.53381647	43.68694353	89.23421769	75.61856359	740.8659494
639	20.02413454	27167.03627	3.68E-05	32.20402634	32.94110102	72.37728654	63.47762761	418.5456645	9496.180118	0.000105306	41.32384529	43.4324968	88.79574628	76.53714208	830.6928981
640	20.26520927	26728.78062	3.74E-05	32.4218601	33.18003944	72.73692891	64.52092992	467.3572225	9833.073402	0.000101698	41.09474753	43.15567075	88.32385283	77.57616425	947.3571062
641	20.50910348	26256.22362	3.81E-05	32.65309026	33.43420425	73.11937576	65.71505862	533.3822951	10207.73494	9.80E-05	40.8417445	42.85091731	87.81003577	78.77692452	1104.960409
642	20.75592935	25737.86916	3.89E-05	32.90224808	33.7086835	73.53244358	67.11714787	629.2546786	10631.60698	9.41E-05	40.55783311	42.51011835	87.24184365	80.20359831	1329.285173
643	21.00580984	25153.33891	3.98E-05	33.1772067	34.0123169	73.98973643	68.85525351	782.3448591	11122.68693	8.99E-05	40.2321536	42.12070894	86.59998843	81.9623934	1672.572581
644	21.25886842	24464.41051	4.09E-05	33.49253361	34.36150482	74.51651783	71.23739729	1061.284324	11711.77708	8.54E-05	39.84648681	41.66165698	85.85215784	84.24532501	2257.405429
645	21.51520865	23593.77859	4.24E-05	33.8775521	34.78945388	75.16395789	75.07437161	1681.731182	12458.90633	8.03E-05	39.3662824	41.09317625	84.93717087	87.45211619	3446.669412
646	21.77491075	22367.57784	4.47E-05	34.39928696	35.37279026	76.0501303	82.76810323	3685.626573	13514.19562	7.40E-05	38.70804911	40.31931117	83.70728342	92.70056936	6940.09367
647	22.03840571	19835.43776	5.04E-05	35.44981551	36.56087774	77.86845334	112.3152898	70354.54501	15903.63352	6.29E-05	37.32113668	38.70688325	81.18530885	113.0270235	96092.69085
